-110916
-1.002
213
-52549
251862
-9259431
-1140.09
-72731
171
29.62
19450.8
-4243.2
0.855
-7.139
-18969.1
12812
-4.6461
-22451
225005
4953.92
52.4
-693.9
52.5
152.95
13291
0.286
330.2
5288
0.126764
95.1
0.3542
-7.7945
2846
25.79
276.06
489.588
-470.49
-8.06
-116937.8
26.07919
-271815.3
213.49
-3433
432.7
-1.514
9988.5
-13.0376
22.1
122.5
306.89
-89.3
47.61
-16.764
7002.6
-992
-1636
2.415
43803.1
5.10827
21.295
25
-3787.7
0.8149
-14647
733.936
530
636.9
437.05
11.48506
94449
7168.6
1.05
-135686
-107723
3031455.4
2685
202028.08
-1498
299.627
0.272226
-101915.21
-3219.8
-4148.4
-66.422
-251
365
-104752.19
923.2
209.8
151135.8
-50.321
16.9
3791
-171452
297491.4
-16.59
0.542
-73.2966
1809.3
-910
4.68
9918.1
17490
-99536
-66.532
10382.16
-12310
72111.06
-0.399
1768.1
-8659.7
-892.4
-701
-0.47069
0.45366
146681
-2615
739.799
-73.02373
61.52713
633.2
6702.7
-12.6
-5.251
-490.9
-19.55
0.9913
24926.6
12186
-0.036
5514
14.62
-18.165
0.5849
2625.4
3.93
-30.6
0.03
376.79
-4847.9405
-52.976
-1029.3
43.2
-25.268
364
791
-4544.1
2532.8
50.953562
-0.133
-0.45327
3164
-1783
6.478741
4.798
-792
-1247.8
-10405
-0.2129127
10.54
8381
-176.1
-1539259
-19.48
-43.7
0.4679
-126.34
-206
1266.93
-23.27
-3.31
2.51
-18.369
-26054.92
-79622.8
-613.93
273631
-0.672
-890.9
-2.202298
956.1
-2.9632
-237.67
562
-10.037786
10215.02
-1895.5
13915
-8.736
-929.5
-2447768.7
-24995.8
-266.6
-270297
-1.52871
0.48
47450.3
14003
1.511
3.51555
10.09
41.6115
80.1014
-543.22
22228
-1841.7
-56.269
0.92
6.0886
1.047
-651
6.8508
61657.85
-0.0511
-160
-175431
-610
-4.44
13.5531
-29219.8
17.1
-6780455.1
0.0282
126.723
-248
61.2
83442
-342.1
-839
23.32
-75064
-7.83
22156.7
-459.16
382.6
175.978
-205727
-7.016
4774.5
0.28
527.3
-488.3
0.0954841
1.8756
-1348337
-22217
-1.65
83.1309
902.829
64.251
-34.669
-134.664
3.5406
3.0729
-38.0316
43.931
0.75428
995291
-137671
-63.4854
-2617.28
-18.192
-37678.86
-0.0814725
-2678.4
1.528
-32039.3
-866.5
-22.723
38.889
5252
383.8
-44
523
-1562
2272.4
-3302.2
-7722.5
26.008
-152.8
4.4775
38177
294.879
1
-2948.68
-240
0.331
112.083
-1205
2376.99
-79.05
-1842.05
103.302
7355.321
-0.0113
-3343.729
4.48
-5.45921
-2.636
295029.5
82307.9
1029
-327.88
22.03
2.2301
-10.956
1803
-482
216.66
-136.2
-848
148478
81.01
-637
68
-1710
-0.22171
348.86
-4347.1
-1657
-6047.9
400
-0.07008
961.66
-8851
851
19.652
105.6
-387654.5
-1.9974
-5296
-109
3858
-19.1454
-4.68
48.6
5.02727
-0.477377
-4.01017
-11724
-162
4.11866
-0.6517
-2932.1
-592.03
2.223
-2934.3
-1.80534111
1.5
-12.93
11.838
-349
-50.788
-2484.91
0.557
7299
6825.9
-256.0488
-43.826
-1269.71
-3490.3
107592
-100.316
19.794
-9.1
-13766.8
-0.742
62.5
-5.049
32.955
961
37675
-2.1138
-1.1463
2.649
-10517.87
-90.67
595
-0.94988
-2.263
119.708
14.9433
1788
-1905
156.82
40.91
-837.53
-89.427
740896
110326.87
2003.3
-61582.7
248.49
1636.394
1.9
1.613016
796.2
149180.2
-185.5
93554.9
-72165
-1934.1
1.162
1798.72
-55130
-3760
-184046
2703.98
14245
-8403
1545
359201.1
-629.29
0.0595302
-1998
12.143
-0.30875
-383.68
-14207.6
1328.974
125.069
13922.5
5.18
-5.161
-27206
-31179.5
285
-87042.4
-2.045
-0.224
60.3
58044
5.43
61227.8
469.5
470.9
62.7
-1052
-120.6
-985.96
272
-173.917
21.19738
-70196.51
191651
-596.4
100.512
-34968.9
-314.4
45
-874.5
82213.36
-0.1733
-296594.2
966.2
0.27
-50391.5
-382.94
0.3871
528677
91.81
-1970.55
-294
31.121
5050153
90.564
9.04
-36078
579.81
92.1
3541.7
-5861
22459.06
-2.255
13.75
-7.816
13.113
-453948
0.1001
-71.306
-33.5706
4.529
-9191
-126.4
722663
-495
10938.9
1.842
-188796
-1.7461
0.75
-0.603
-5490.2
-60
-0.5737
-4.222402
-973
16.7574
-2789.6
-390
8921.92
-1173
1.069
2.14
-18159.082
719.9
8661
-40605.5
-154510
-506.1
248.6
-681.15
0.21
-327
3044
-10.99
2210.949
30.9
0.65
-669
-3.56
821.6
3075.67
1746.787
78.55
-861.3
639.5
-144663
22.3
-222.7
0.981
-11348.3
923.052
117491.7
2045.1
13.2
1326
6096.5
69657.43
-506306
-0.458654
53.31
-1803
-62.65
-11.237
0.505
-40.45
-1089.84
122.818
8311.6
-3486.9
-1706
13.17746
5439
-98361
874.8
-475.43
-4.142
-459040
310.1
1050.85
103.2
9597.9
-20675.986
-108.4
-34137.02
-1814044.5
-0.4235
9580
35102.9
421
-158.1
-0.2371
1361218
27.018
-105.0484
44898.5
7816.262
-785.4
1.24081
5600
51.02437
16770.8
21.0123
-130.8
-559.61
2144
-1600.7
-808.0549
-56.6
-4327.62
75.498
-11482.75
0.536
1.9059
-16.7
-101800
-3.59
-4.008097
93.0189
0.15
-19295.6
2942.5
1212
-0.268654
-447.3
255
302.6
9289
-60.22
7.47
-568354.6
9.3
-1.97425
-1952.9313
-892.17
-4.9914
-1509
4.9216
-782
7044
-208.693
-95.9762
10636
583662
1056476.04
2686
1.46964
-1.1677
-26723
-0.1426572
-0.4731
3856
-24744.39
224.58
0.03
-177.08
12.3575
-38.4517
-323.5
-4.95
64.0259
57341.8
-1175.9
16610.6
-457509.93
-2.0428289
678961.69
14542.32
26.34
-34775
73.06
-0.0885
-68.1
18728
7432.2
1345.4831
-515.7
-28.4
-58863
-0.0391
-6806.934
-10.04
0.4619371
0.99
-12.874
-27.511
-397846.1
-6.70257
766752.5
15495
0.3848308
576
-665.2
-2853.196
396.1
-27005
-1.059526
-88.984
2.458
-207.33
8004
377167
-127
-36.80006
-33.4
-11959.67
2.03
-55326.3
-1.428
-4.97793
1085331.5
-1610
114.82
25.93382
-1233.03
111.3
111.026
-37.84
-15.9452
557547.3
-28453
-228
-57696.8
0.01322
38.0554
-0.8575406
-151.4
-6730.6
198629
-6.809
-19.592
-11419888
0.247097
110
335635.9
2594
-414.5
-671
0.4643
-1.772
4754.4
-3.849
1146.24
6.38
-20.23
746.95
-555.715
212659
2475278
59.3
9.9018
-389.3
23.02
7576.7
55.7
483.5
-1094.3
4300
211.29
0.4688
-2415
805.9962
4741
37056
-1.22797
33.761
30.77
29.936
-15.9703
944.2499
-34436.5
-227472.03
-0.63399
-1515.8
84569
0.661
21582
-394
-6.65
-2095
2426
-62923.6
-491271.5
-38.133
-677.5
-815.62
-455.51
-19.3
-0.146
17949.97
-1.04
591
-73242
2925647
135.039
26.3202
506.9
-213.34
27.8
112842.1
19645
128228.1
2761.0313
3142
-1441.3
5.20956
2.9408
2648.1
-24.41
-99.21
43.1
717790
246.492
-486899
-962.9
6435
-1485.26
34.2022
-1401.7865
260.48
0.2269
6.33
-2.29413
24.0246
-20.373
-7896
-5996.7
-2914
-20036.3
2382
-2524
-31592
-5.145
-405
182050.3
-4614
13542.4
15.38
-24.59
4619.7
4406.9
117.44
-10210.44
2.02
556.88
-135.93
-110.1212
59.85
-20.402
72.342
21247.956
-1.259
-9414.9899
-68.044
42.772
-1.64299
-194513.4
-11.917
-2391.7
-2.9826174
-15.93
-553
-2.91
643.923
1569.34
39.851
8341
392.5
166
2739
-351129
24.1
-0.1122
36.853
268
66.917
75.6
-326
-0.212
-249.42
-57.814
85.4
0.9013
163
-20.89
-7.21
-68.31
285120
63.7
1.67
-0.1799
119.3
823530.01
-100465.8
764368
3491598
-10371.472
4919
-17.113
227.5
-99.1831
-270.244
-7.063
253
-24.005
5158
1606613
-1722
-155.23
-447.7397
16.35
0.025
-213318.13
-0.43431
36544.3
0.645
-153.16
113230.1
-1.2
-0.0333
877843.7
-51428
3.287784
-1134
23.38
-253
1462.2
-2619
16.968
-2.733
-1.807863
15924.1
129228
31100.063
-0.11085
36
16640
-5798
-0.293682
-265.692
-40.79
22115.5
8414.5
-20.798
8613
-749
-13762
479.2
-8806.83
-5495
-3.373
-2943.4
-167.64
-2352
-2592.2
-344.8
-45.519
1187.6
-243.299
43838.5
-5427
-0.0467
773.6
-9.0397
-3765.4
-275.2
1677.5
4.70268
-602451.8
0.21037
-637.63
3151
38.277
-0.409
-116501
2.7095
-115.34333
1.199
-66946
86.535
96.411
-1222.12
-67.085
19907
10716
-225.1
-176.9953
47.87
-11048
6846
-17917.8
-0.97
667.26
-37.2
5731
-1.977205
34.7
-2415
339.112
-5.06069
-280
0.08
-211634.1
-40099.14
-1701
1308
-1326.54
-30
375.6
38.4495
2328.489
-37.97
2.76
14882.985
-269.9
1878.6
956
16142
-5189
1004
-5.00912
-96134
16.3151
-7.74855
-6.3242
-17
5382
7098.1
-621734.4
-52951.3
561.9
-56656.4
-3.15
78334
-591.44
-27.2
-87.811
-17875
13970.934
0.6511885
-1087
6.04
949
1921.529
67001.8
0.5
-43.542
1.70448
-741260.2
-1.1167
-2.28
0.3886
1666.26
3.552818
-1816
-1.983094
-0.5662
-329
1.14
340751
1608.4
20.8277
-0.291
-325
-260.8659
12.0286
905.7
4409
-94032.02
-0.5714
-29802.01
-259.98
5.077
1.429
-5326539
-14051
-15354.5
99.32
522096
861
-347.03
-560.954
0.041
1265
-397813.08
1616
-2260.5
23.306
-3328
-2626.3
-9415.8
56.3
2.72069
-106.3
-2.971408
0.1929176
-1.0156
-1
-2.159
-29277.7
-2407
-569.587
-31.41
682.39
65.644
96052
-21.2
-14235.49
-22620.5
171.9766
0.122
-714.9975
-1286.81
837538.7
-0.27
4884.82
2.22
928
0.2574
3198.45
19429
0.17732
2588.64
15436
560
-21.59
-59
58646.69
7670.15
2.673
-1054.93
26.79
18.6
0.196
-49.8206
29.073
-5567
42928
-363.97
8.4
5.037724
-0.192
-241.941
-459085
14079.1
468.3
1087.3
0.3
11831.34
-0.3823
-3.0028
-6153.6
-3.25
-3.5
-275.3
-359.3
-19089
47615
-1040296
420.06
-0.4638
-6.03
-2824.1
0.0239
45.7702
1073
1095
-601889.2
-51153
-0.083
-753
-0.405847
1704.69
9652.8
-2664.98366
8.42
-268422.9
-0.0737
2.097412
477.3
-0.0053
-1917414
-3.212
4153
-2212.7
-694.43
4.195
380.7
627.8
100119.6
-222.79
-73.377
182.4
352614.85
-2.9048
-166821
-20.5
2159181.5
-31028
1163
-76288.9
302753
47312.34
-1.4793
3181.1
45.7
17.964
-11.92
-2236
-13936
-3554.5
62.28
-507.2
1.07
14087
-19
-798
-161
62.9567
0.3973
14389.34
1118.9
1162.37
34.033
-61695.5
2.664
325988.2
-41978.1
-538
-0.397
-442.1
-9.28
-0.17
0.268
437.0597
27.8
58.1
1541.99
-2416551
-10.273
2210810.5
2463
2.1846
-1045.2
-37.04351
-33.91
-341.62
14169.7
8302
290216.5
-0.86796
207944.5
-486097.4
215
0.07592
-36973
-936
22035.8
80.73
-3498
691
51.05
-194
-20786
59591.2
42.106
-762.3
6.783657
1605.2
-2623.93
-1333642
-1468514.5
69.987
511.5
-32328
222.06
-278
-5.6
1.416
10196
7.05763
-0.0312
7.2117
-247.71
38.1
-441758
-354.1
-52.5
-43.8
21.03028
-42.4
-0.48
-2.778
44.0016
-171.7507
54.5
0.068318
-1983.442
1098.1
-13003
-0.08906
-0.57711
-33.7
12843
-5.97
-20647.94
27124
-3.50389
1.576
-925.5
-9.18
4022200.1
-1295
192.7
-3375
-3.781878
-4273
146.01
-118.109
-0.07919
-7631
-81
205
-324475
62.8889
95278
-38.591
97090.7
5854.83
0.015455
5166.7
-1510
381
2414
0.012
5515.1
1.195
47.132
-0.355
50.71
42766.3
-149.0154
1.726
0.4575081
1215.661
-148.93
-352
14425.9
2192940.1
-216269
-735938.4
-19582.3
-67899.3
-517920
-76.0547
87457
4092.5
346.76
-7.17
-13.6483
-25441
4.961
484.416
-8072
-789.0183
0.57949
161.7
598.1082
-68090.8
-319
30929
-137.8
27.17302
15000
-2.2
-3006
984.61
21.834
311.88
0.93203
-5567
-1288.23
-62.537
69.11
-0.130385
239.4958
16.847
-734.1
6807.9
546981.95
463.6
5787
-132239.97
4748.8
-101.8
-101.31
-120.8
3230
2428
1.477
2.8627
307334
-7.36231
-17.43
-61.2139
-28592
1.1398
505
4.09
-1243
54.63
17981
-5.0689
2513
-5.74757
2844.5
-0.4826
347.81
-42.8
1.572543
-592.61
-83.12
-1.893
-1.0462
7841
-0.092
5.732
2089
46.975085
-113918
-512.6
-3.466
-2462
58.764
-32.039
51843.8
11506377.8
-530889
16634
115
5509
20.838
-124.2
-9263.86
73868.1
208
-1.9766
3168
86734
0.44
118683
31678.9
5115.18
1686.3
353513
480
0.83
-1757
0.53676
-41.1
-18130.03
-14335
-1080302.5
2824.08
340
-6.01
17482.61
4.3379
5.05
-662
-4062
-10701
134.01
529821.8
-438.63
-45056.5
244248
3.845563
-0.874929
38941.1
-504.36
-4269109.7
-44.5799
-259
80.856
176020.3
858
-5.85
-955
30.0009
1.276628
-5206777
1.4
57
-4.02
-0.98156
-23.5
3.0176
4.94725
-192.69
818
1485
-3.7
92.321
-470.9
-20.92725
-276854.2
-136336
6.593
3.233
26072.6
1051.1
1270
-7044.67
23574.9
19.74
-15.765
-0.931
-474293.6
119.18
-4436.4
-610
6535
-1100087.8
-6203
2698
-47.6
0.834
22.8305
-389
30463
3042.4
30.15
469.721
144516.8
2996.0295
3.326
-370166
-406.8
-47.7
0.33208
-161
258
-2.4994
445.8
74922.4
79
159.3
5690.5
93
-1207
-8
185228
971645.5
-50.9
148100.93
1322
-86.4
-35806.99
-911.13
-0.69161
-2824
15011
0.552
-84.3
-7691.9
-142.331
47.839
-168873
10731.31
57867
-19.14296
18.48
-2492
77.5533
-526121.07
-1.977782
-2434
1.17
-441
-1.99162
-599.5
-0.305213
32.08552
307
-0.312
-802.042
14.38
-0.695276
-0.908
114.36
-1350
-164
1446.5
847
18873.8
7.89
-68.7
-6.448
-4519
-13920.41
6.8
-0.018137
841
100.1
-4147.803
-0.002814
-114.27
0.293658
-263.5
-6122
-28606.24
24011.9
2.465
14412
-614397.7
5.12286
-32
725.7
33.87
19668.92
-8.3346
-2.8547
-1921.03
-1.43
-297095.8
-67.67
67.88
75.55
112.08
-0.27
7008.3
-17925
0.03725
-4.37
2540
-1.29
23019
-7.98
-10941
0.4409741
-34198.903
-198.49
-17135
106.25
18559
-22.3
-3285.09
-10446
0.6493
-0.126
18.08
1719.6
-714.8
-5.1392
308
-38.193
-650.957
0.91258
380.9
0.44115
-2.119
-4.26
21393.8
-42570.5
3334985
147.2
-0.5475
-0.593
58347
-13.64
-2705
174.2
-526.8
-4.3518983
665.6
3987.2
-6.32
-268
8.7
-2920
7.445
-348.237
366
3.5686
-1.058
8655.05
-19.5
-0.76
-4909
-8464
-6.457
-0.15007
-377938
-2280153
-11.448
141.9
-1882.89
-115643.81
-54.91
0.9749072
-798.459
-13.054
-1362414.3
0.36593
-27.33
-29299.1
11.64
-8.367342
-0.218589
15425.32
5579.05
210.788
-3.61
84.025
15.01
-939.8
-20542.1
-32
-0.3391601
0.0621
0.1212
-1138
60.02843
0.547
2256
50245
-4124.1
66286
-775.9647
-8577.1
-70.2
-1428.98
571
-1193.988
-51.0505
765
11.089
-8.5716
-7.543
80
1113.97
2.1363
-1.3255
610
765.5
-3.7
-123484
4.70294
588.82
-0.10217
765.9
0.423011
-291560
13024.9
-4799
-38.2
17907.5
-59.03804
-34605.31
-3.9971293
1591806
774.6
0.02745
263.3
-83.9
180
-13.2
-53048.7
-407
-34
-140
-1397.84
19276
2103
36944.7
18654.87
-42373
1794
-43.93
401.6696
5341
145.5615
-19.297
-3552
172.9
90122.5
-232976
0.1814
841
4.835628
-0.6763
-69
-792
35470
12584.98
112.3
-5031.82
-55680
-6.2568
-18735.1
-1612
176220.2
-585
19379.6
-10604
-341.4
378263
1461.51
-31182.3
-362627
579.9
-1714.2
16.88
769
-41405.4
4462
-191.027
373.1
-1543.1
51.45
-15651
-2487
604669
32560.4
293.054
264608
4187.97
110.6
28893
-966
4.045
11191
-69.1
-17273.99
0.1292
-44.18
-137.15
-1025.63
-50854
-882
2.7464
-13801
-7767.1
3.26
-1465381.5
32586
-69.5
58.061
218.7
-4315
8262.12
-4.54448
-209.17
-57.422
0.41151
1074.5
-259.04
29.76
-0.8129
-120.01
434
-6702.909
135.37
-0.514
-8.1
350.1
20094
-558
2.0867
-6323
291.2
-306004
-6687
-2734
4181.7
63804.1
4.82
-2.6
-2636.82
253
-584.109
15124
-54214
10.62
-386.79
-54815.33
5.068
266
-2257
8790.456
25.756
43.344
71.89
-414.241
-3.094
-492
151293.9
-2.759
-0.72047
-3492.5
167851
106228.02
301.07
1.818571
5247.7
13.7465
-516.99
-2.79694
-3461.05
-700.994
1367
0.79602
-4236.904
11886.3
-1.02
-103.42
-0.21949
1367.075
-25163.6
-0.065186
-1246310.8
55.58
917
34
0.031508
-19305.5
-371669.6
5195.3
4.6987
473071.9
-35166.7
442.201
-4.83224
0.0254
-0.0644188
-1.76734
16.86
-990596.07
840.7
-6.4
1710
347
0.1909
41.932
-593
55758
-7.945
0.38295
439681
702.21
181
9490572.8
63.238
17168
5867
-1633
-171193
-1481.5
338198
11141
94.66516
2349751
12.930512
217
-325.871
5015.6
4.4827
133.8
-1321295
3.567681
206.72
40742
1234265.2
0.18946
1569.3
4479.4
-25
-13942.6
112.76
1378.11
3362
1853.01
-17989.9
-534.61
5185.31
4508.9
432.3
-1964
-184
-319.46
-3.011
-2616
-43.46
-0.91
-13.1
3.1419
1710.91
37.3581
-24445.17
82.81
-7796.5
31.56
66
217.85
3.1816
30058.8
-86
-120054
1.03
29
3.645
27108.119
-0.073687
-3.276
0.1422
4.03
-0.2529
4.331
-608.1
404931
18.353
0
109052
108.7
-0.269
4.0224
2053.27
-16.234
-21.6
21.9
516.56
728.5
557.63
11.24
-318
207.5414
253.74
1.393
13499.948
6241
-0.62547
-2243
-3.8818
-369797.4
-0.9778
11.262
4.045873
-3.14362
1081.43
14.72
-63.77
197
-6070.4
29.051
-16.1539
-432.5
-3.493
-7.81
6345
-54.414
1211.02
-926
-65.042
315.7
91.9
-5.0227
-4313.01
0.6221
3.56
92
425.5
-0.03
-275.133
0.291728
-0.4565
12113.1
-71629.4
442
-1084.94129
-109.85
-5239
38662.1
566
-24661
-5.0643
-79
-21686
97201
-327.023
-10.14354
2825.5
5342
529.6
-394.6
-8.1095
143
-24.685
0.1309
5726.7
-83.8
-49.5
-2971.64
-2563.98
-14552
259.6
66701
-201909
281.4
-9.487
-3.59
1.279
92.8
-0.1126
-87070
-11030
23193.1
4647505.2
267093
75.2
-33
-1478.6
474.5
-1.58
124.3
-48.5
-29
-672.82
283108
-4343
4075
-2336.7
-504.71
-421.5
-9272.63
2064
5.8223
19395
3498
2.09
-1.312817
-2.054739
4732
-4071.1
-4710.6
14418
13.127
9.22
-15897
-0.034996
10245778
-16874
225
123831
-3087
127
-13571.6
-0.1289399
-98.5
0.21636
-269135.15
0.628235
46
-3702.954
-16114
-5.31
-65255.994
583
2351
878.2
-0.84853
2930.6
261
0.11228
71.2
1032.32
-103.2
-1056.0361
-6.497
19236.4
-852
70.679
-23.07
1713
-140960
-23666
387
-699
270.05
-154248
201
-616.42
2565.5
-3.9641
-71.6
1296.932
105.8
-3.79
1471.00291
3.0461
381.075
2.28363
327.3
116.46
-2236.251
115553.5
-0.079027
5146
-1349
-107.92
-842805.6
2.73
-38.4522
4.611708
7.267
-159
-2489.9
-3.18
-20.9238
-1897.5
30093
13.5
-918.2
9921
-0.30373
-898.4
-1434.4
48.04
-512609
133.2
97.232
-121987
-0.554
4.3509
9.26
285.2
-10076.1
8629
-4.80787
-12848
2547
-644
-1284.94
6.359
-263.2
-1.32662
-16.7
-11639.17
170.8
4.0207
998
8.943
29820.3
-1.3
2.62
-15409
-3.930834
534349
-81.7
-109272.1
-146801.9
-4.515
4.7956
-43629.9
64.99
-5737.73
880.5
912
-133003.3
40.934
8860
-28186
5.0631502
2641.4
6719
6148
7.31
48.9
323.3
-528933
-19.726
-0.0534
-37039.6
17.2
19185
4415
-542.9
452.6
812
0.2973
-0.50515
-140.1
8628
-1.802
-87.12
4231.409
-87.227
377.84
-16.01099
-2612
950175.1
-479
-115
-9221
4424
9039
66
-23602
54.12084
-1.0879
670.06
1722
3331
24631.69
91.05
391.01962
-18781
54941.3
0.16274
0.8058
-220658.2
51.1
8185.936
-816
47
1114
6.033
-409
781.98
-116.82
14.66
-0.1995
-141
2.097
-1020.4
-198.13
8.388
922.9
113752.6
622.96
-15.151
256679
-19
-158435.1
16040
-3711.3
17.4395
-87
-5629.397
0.07671
3.277
4.08734
564
-128.689
90.9
179509
5400
457273
640.979
-0.567
-8.56
54.996
400.47
10.59011
-922
607.1
-0.3603
48.41
1085.9483
-2194.87
-1.192
-0.152859
-14838.55
-0.7383
0.6432
-1324
0.02457
51664.98
483.32
8.1134
-55.986
-101.2
54268.8
-362
297.101
5749.6
-1271
6393.74
229.84
-100218
-62.3
455.75
344043
5.0337
-168.026808
-3210
-4.07714
7482.06
42.1
-5827.99
2321
10.0364
-187.59
1958.4
136
-59.8
7.9656
55.36
-4.465
-92564.3
-99
289.13
15.112
29819.2
-2065.4
0.0987
-9.026817
203543
11575
1608.61
10280.1
144
17.952618
195
-64799.4
2.9726
5.0649
0.4
91519.1
13.13
-8.0995
-1.358
-3244087.5
4.742
7336
-521
-14364
494.05
-231.121
-95.8
56
-217.124
568
0.1424
12105.1
11.9253
2497
-22588.991
-0.018
47
-4504
1.1706
78.84
-33.7
168.2
1.3448
-8187.113
-315.0169
-7.06132
-39756.4
-0.455031
10.13
27.0012
15.259
355
-0.5435
-18.7199
-1333
8.565
-1.13594
577.7
-3.321
66.395
-13.037
2879.6
17.972
0.175
348798
-97.40332
-222.1808
37.6971
0.5084
0.0635105
1957226
-15.3822
1934
31.578
-240.96
-222.889
-4.22
1.16915
1.271
-51.76
-27302
112
2312
408
9762.9
-59054.1
-6.07579
3.07749
7.6685
66.91
-80.9
-4.8049
0.029161
-239320.7
23114
1077
1333.58
-7.27
-2.25163
33.2
8.8
17.31
-44480
135.06
0.66
49115
