36272
18010
10160
89449
82999
35462
15484
14627
56632
56655
17548
55922
75797
56811
90014
19877
95988
221
86130
11912
81865
78292
85308
50074
73799
61133
61921
60632
66957
15649
77992
44456
19382
24697
91265
35309
9911
35278
91064
69939
4918
96382
98208
1408
25608
59601
48683
81641
44790
92226
92271
59435
88621
83565
49774
75643
70243
17953
45347
41175
95823
11782
87133
4309
7299
53579
54670
29505
34142
83157
80642
53690
24711
8201
23377
97571
62748
83604
7330
68155
57303
77758
83007
16942
79882
27104
72934
56798
50815
75188
19785
68080
85559
32452
3413
9622
16400
81393
87507
94338
14260
62739
26562
65807
16540
78213
53268
27214
54195
75647
79768
3418
50635
33440
92735
71381
32659
26731
73829
84470
3084
74046
51728
78196
2966
66342
85084
7453
59578
66070
14401
85416
2165
6864
23216
50799
51045
91709
11853
47823
50623
98034
80595
30801
2024
54454
31782
10883
99671
7000
66665
12184
29296
68515
58898
83047
3620
72368
3013
58332
80734
81152
64642
11935
97862
16171
3073
40694
23930
91878
19803
39130
659
35459
84568
46320
775
80106
55166
92367
33582
27961
44596
83647
24730
55972
45616
56464
83299
85515
21460
76989
85327
92957
70009
14498
23249
50271
67028
28912
41061
32813
5655
94463
77152
61370
74584
29600
92761
36022
91369
15905
81273
85788
32101
25184
66802
64605
45775
8672
65978
65134
95937
83304
73620
19059
33109
1693
54015
24715
92485
80533
37211
36773
44864
19282
39191
42694
66723
45396
85945
11545
42617
33345
33443
12081
41944
48989
99519
3470
84797
7169
11160
22943
77347
65422
16629
2328
61123
12957
77215
76895
59249
78184
78166
28381
16726
60476
23517
34370
26842
45195
54790
20279
40527
8918
24464
33333
48553
88126
97495
52400
16921
16034
17932
90267
93403
74163
78469
27798
81232
91854
25321
42196
8268
45723
54837
58432
43492
3037
39845
94176
25858
69273
57019
92885
56259
32464
45370
73669
2029
35680
47262
39407
38052
99889
20779
69575
85606
93530
43449
91250
9799
82922
6811
80411
63085
38475
22334
71288
79549
47146
74965
30101
40668
51460
2560
7355
65800
84226
57425
94082
71338
12279
59076
83359
90826
65770
7078
7556
25625
38568
40131
9915
79921
35030
97783
15725
39953
29187
56831
95450
31708
71376
30604
21616
16628
68372
28535
4600
16795
40889
7391
16176
67159
70371
64603
60002
81258
33147
76723
74347
13510
80848
28166
93756
34880
43651
64067
21258
70275
1618
62412
40208
44170
41837
62669
90751
56203
60954
28706
579
48269
91590
65159
66227
6113
11819
74242
89552
39991
98872
38343
18702
38027
68212
41298
947
21475
59593
62637
98780
7886
56364
43701
27540
79482
22418
64896
70273
59239
54141
80160
31374
15611
13725
37429
2812
11464
24856
64823
82100
94043
69598
47402
32596
86398
34242
33199
22399
63871
49986
76010
88789
7666
32639
61199
84513
77151
86855
40665
76147
52484
31384
40197
9574
50840
80100
96425
28649
25793
14767
48067
64345
10069
99873
12918
94507
40535
52896
5471
56857
57760
53727
3217
57541
9193
280
82871
44249
23624
59504
92044
74174
93931
34618
18721
55871
369
63428
69805
72121
29723
48570
99945
30507
83646
35174
759
50238
75720
33322
19295
94511
91749
1977
93322
82336
67853
63870
99645
17571
19083
84985
40251
32320
53522
93851
43316
27662
38166
89139
30725
99839
68807
60595
8780
7184
17978
83777
57474
48000
43279
55375
99376
17071
14864
13380
89058
49382
52322
34848
77370
82542
15513
60430
47134
13291
5138
15454
84710
9385
51606
95531
64331
932
13464
70964
35820
17627
28237
68472
95366
20736
75149
18771
27167
36893
67233
15198
16179
98352
51398
56645
88782
22646
45236
7686
75168
14620
11812
96759
64615
31154
22006
43731
50686
85696
66309
93937
31656
63699
13740
17282
87681
54942
67394
73610
31616
69922
76511
40314
93380
59340
20244
77771
98328
74989
97742
18190
67882
20174
53966
31487
96661
20981
81949
78324
65646
76976
43369
24314
98230
91613
57005
42596
34870
52871
2413
75317
94697
72189
71676
72612
11256
43149
35950
44439
72860
84873
18970
64064
22273
79484
1423
62772
20261
17486
88532
61988
53600
98466
30336
82042
3087
87077
83546
59227
24362
72419
38679
75489
10241
21968
59724
59687
21997
99125
7294
26227
97486
5610
34947
22022
81003
8640
90312
69784
50098
961
9924
93357
63904
69344
15545
2960
36793
56808
37913
19864
21377
6850
30328
76639
83481
78488
75570
58077
11546
46860
26164
50059
38158
70466
95459
33374
81385
78458
68797
13565
6636
36921
58295
30714
40410
20214
38931
17191
20977
87880
45668
28410
61028
3407
89958
97784
10322
31943
65090
74237
85966
25334
93828
78259
71254
88245
77340
10783
14732
61964
49111
33721
25251
4630
62124
29268
42911
40224
86584
64418
26690
57880
61729
32240
20227
68559
79114
5072
36577
64126
33331
45186
87143
42778
64022
12465
51062
22169
1360
31921
12994
86717
57909
92744
6492
82698
15009
40280
49457
84771
85074
94556
85553
51218
28527
31588
57811
55458
2974
39569
48318
3355
851
40976
59111
14856
99818
98189
16243
58308
80683
30098
68344
63327
12071
2526
24800
61377
75107
80944
74753
49607
4543
43452
52259
26805
46623
40278
6592
49739
80684
9734
52933
2504
47694
8908
46208
85440
35623
46057
18637
43414
79735
83138
53026
23397
47188
11095
43574
94019
54375
76246
51910
72170
18102
81961
23929
62269
73541
64207
28747
40656
7524
15945
21813
14711
1066
24663
53411
57642
66193
99281
45679
72338
3565
71438
22767
79234
37390
52335
94262
64867
30205
15959
11497
82891
74067
3863
34271
35031
55580
41766
54387
38709
6414
53795
33810
20134
82264
37042
10727
68246
14194
23348
24764
36510
86733
83495
37044
82080
45215
77381
84584
46611
22978
52434
27369
51817
50886
63105
27621
4249
8903
72126
16149
55165
3740
36622
76957
8280
16302
32363
89416
88569
19722
26427
27956
29447
3483
44440
62792
83686
28734
68292
43896
26376
69039
99967
61983
11621
90341
58426
98907
12737
75311
75423
63928
90511
18944
13955
30032
51862
74751
51739
59238
42639
28958
17116
96959
93328
83620
71542
10166
15661
92020
56357
86354
50843
1411
64883
72549
26159
92762
88490
89005
58927
90385
3257
41522
33654
50572
74891
67129
87854
32695
32540
18906
63332
95896
80421
31171
41377
3351
42323
2688
49270
94129
82151
11585
61055
32668
46246
48416
75732
75324
98912
14069
96312
83606
7275
10038
81070
67908
8019
11887
36348
22068
59081
11635
12775
47897
24970
94155
10224
98210
69681
91649
76453
13192
30762
60603
26541
79050
41548
72647
42143
31784
24277
97437
92546
98751
24483
53420
21863
36395
62598
83183
5202
88222
31730
14764
85073
11255
92068
86862
94578
68244
8679
37338
91672
5540
85560
58420
82482
53054
24187
68459
76995
31686
96622
58362
58272
13842
90010
47800
69608
55240
71869
58445
65227
33484
12628
96845
92353
52384
12088
69256
11603
7111
2660
99963
46418
70527
9881
71087
39607
85912
91567
75422
73067
84066
8298
83811
32045
90261
381
24183
5087
4439
58421
6481
16292
75347
40957
72220
3479
51586
11749
64791
44957
57382
53089
11173
4597
7425
53429
85066
19749
6861
38501
16938
88733
30747
76587
56478
36118
44292
61273
89605
88890
22924
46880
56772
64485
70894
639
76087
38252
25736
28009
71296
38964
29474
76831
78963
30321
3784
87906
77435
58325
32194
9157
96516
67621
40161
3919
12274
43068
12468
96891
41418
67047
77726
41708
20799
64804
6425
90220
78866
41506
3404
33807
73199
77119
99267
18453
75172
99717
11308
1013
93417
1990
78336
10537
92827
22794
40141
12680
62263
81957
25045
51476
1215
8264
24687
37274
12787
77884
91624
69957
94293
27745
83127
19892
15748
27256
18466
99328
73396
97409
68619
1949
48643
62545
31823
34735
32845
71417
80704
45769
2243
10942
91693
52970
12262
84286
79360
70287
9568
87500
88040
99749
26313
82379
15250
1539
42485
42251
50060
81887
71570
24026
86320
12013
37107
99093
82779
42014
31719
39467
80843
75516
99174
55177
23229
76921
74417
96847
64473
68012
68937
34485
57552
67562
16270
77190
5061
82175
33479
72531
66695
85014
1233
14326
7352
95394
46777
75774
41162
66125
4865
7547
69920
75245
3397
97198
74588
51896
62557
76082
90412
85618
42860
34754
36277
35298
33129
5048
57214
91175
364
62107
70689
69739
86982
94927
61723
57434
79623
87868
98103
41255
77843
66196
82696
44127
1381
20444
81249
26872
51518
16181
76163
87904
12938
41384
97710
16958
78298
9164
48108
82205
16833
19593
15652
88289
41091
99731
81525
44929
27346
27057
5143
98759
30930
87296
96467
6507
89273
14357
1488
2994
81540
63675
65165
11699
19351
48533
21840
19462
10551
3123
1480
773
92523
18409
18145
18573
60745
30481
44762
15752
96393
62620
18775
43274
1989
68356
74017
42923
51219
82974
86525
80008
546
24897
91897
25273
73621
86196
21732
91495
63600
65884
23523
54838
87369
90868
46348
34473
21601
17355
44917
30734
61085
87682
13267
88794
59788
63582
11541
67813
59104
1831
19642
71105
43471
93814
73529
57583
29788
80645
70164
76005
62877
89804
89494
35662
55611
17754
15140
62190
71671
4394
23225
91119
98085
92264
73885
29797
11242
51731
99164
60857
54612
37036
12707
4273
13295
21225
31286
92243
18278
18395
15134
90777
50306
57223
93531
8852
58237
52950
12836
40152
19766
84460
67084
69814
10648
61412
41029
49178
69583
37201
8567
87950
41767
62191
72778
28384
93260
69055
51947
19663
36964
15638
55630
10600
6171
56803
53978
94783
39178
53501
65995
35828
85475
20458
53937
29961
17076
37514
31238
13505
99395
90421
89721
13437
4323
19886
13704
91614
7568
99951
50480
22207
61573
40926
54804
72480
32645
77244
2388
73812
16959
46603
25730
42864
19501
58255
93796
82077
52429
6879
26655
25848
15434
51766
84197
84390
10576
99252
25311
31564
81632
63950
73477
49752
30771
18908
18140
16646
58130
40133
34980
73608
46462
20733
15378
66270
12267
14229
7787
9391
9075
47853
18599
23165
47321
99322
50761
1680
64264
35499
82220
74822
47418
21480
34375
1604
34032
85933
99149
52746
12244
27554
50620
43089
75040
69794
94188
5189
47475
46488
22141
7749
20606
37521
7598
83854
86264
50937
65154
81106
10170
60491
32298
48380
87036
74208
63350
21735
5011
92150
54495
65896
58933
23979
40223
38701
36892
9519
66289
77156
88155
96169
81224
75974
17570
9549
79161
78896
13511
120
95705
76880
90892
23384
79790
97226
1086
37088
55581
29523
18796
89746
56547
9380
51360
16279
90417
29835
50597
52576
35825
43903
30042
25355
45472
941
38091
83939
55095
79132
43510
44631
77607
25207
83028
80045
87491
57628
85521
18108
49632
46506
8738
29682
53640
20183
48738
75277
70385
58035
55411
2188
60907
62579
76043
19808
86430
10110
688
43696
33229
14220
4170
27766
58633
39165
2607
25356
73921
59805
20146
87379
74878
51655
37183
8348
12655
23096
4509
79218
72527
24197
75192
36725
4095
44955
29178
50595
74463
17693
81702
88728
84395
88682
68717
29107
66377
72440
35231
24887
68027
49091
5531
94046
73276
92896
38845
46089
25604
431
9340
24455
74671
2889
29690
5730
30009
42874
39046
76703
71127
69295
48439
27213
34119
23575
31726
64234
40099
42467
57614
14952
82795
49934
73100
16450
44653
22994
21218
99669
48347
31155
78231
12695
32193
34308
10867
75639
44887
12375
70827
34443
20069
39482
13154
8719
64381
41893
52352
93146
27566
83100
3751
4412
72113
60783
23573
80710
7218
12379
51334
22892
43682
42400
34034
53664
37045
8422
8480
46456
19185
86999
66107
35041
30887
95144
24666
18332
42761
90416
9575
78225
82487
30170
797
17149
29973
4239
4411
94337
67582
90322
21799
64226
79170
28072
30190
83535
47479
98470
98967
96321
57091
67251
18899
6824
20791
68740
10120
73520
31029
50146
13910
87214
3726
95669
11644
24048
33788
10843
4120
90288
7357
54897
568
69669
67335
79368
33844
48565
41366
19274
88398
94441
68044
48310
41308
52182
75299
40405
67746
14408
12193
96256
92941
78278
2876
70114
32827
32780
87695
40341
70252
76183
2389
78240
21898
59387
81536
29236
12259
40630
34719
8942
23673
39994
1974
44287
40303
86605
20015
40943
10980
4705
99038
88858
93691
20619
11977
40786
74133
63263
73123
78032
62367
44883
64793
6815
29751
44404
48838
68394
89239
95931
19054
16610
87852
11324
54290
38573
20434
15310
92384
30585
14130
96798
34622
30904
12536
269
6800
11350
8221
58835
19581
70047
9225
29344
34733
31665
27708
54712
64572
46237
21810
6456
14545
76877
17003
13580
59458
72760
87147
74886
77219
13249
91150
28624
58312
93183
85732
50166
7288
68800
64589
4702
25138
92174
43081
75090
23952
20562
79875
72428
432
43495
54209
58369
54414
24070
54955
53941
50420
58301
52605
97
54595
6954
12418
92257
89147
96203
68351
14703
90844
47414
15613
37119
51305
97672
52790
97503
52178
31292
83721
12059
70397
70719
11386
91289
32551
85833
86390
37724
15267
70752
80057
19767
16180
60578
98940
64174
59991
90029
26243
74425
42428
80547
37198
69401
48330
88
96784
47145
53473
36817
82844
7093
6510
33633
56544
63224
18192
52867
94044
22218
31493
86133
49268
39927
81816
34830
2255
69588
45176
9579
76773
13607
50222
86724
19525
74273
61825
71155
56986
83622
37384
30557
86467
35277
27173
29779
72201
96374
75239
18915
99475
2473
70197
50114
96304
24953
11352
95040
35214
38842
17032
64072
73231
84154
79496
85403
58792
81711
14284
22612
43575
48892
51288
32437
23555
36649
37404
47896
66980
70088
50852
31998
54533
8255
61690
15823
49475
50351
19004
86931
29141
84384
59916
17036
94489
49857
99667
77265
41795
62968
78014
77566
95817
88112
17336
48811
79598
87779
39280
64071
95670
69602
94022
6865
80784
68701
15544
38555
14699
10847
88366
57239
90297
91160
14175
27407
75982
22792
19628
42880
71825
33183
6596
32909
25376
69354
20940
7327
20215
70765
20446
51941
38647
77735
33409
44411
17136
69381
53511
15
26554
59215
86617
3527
20423
8178
68319
35883
21802
22801
44231
45059
85204
59858
84681
32091
35689
63219
13399
9044
85565
39772
37781
93779
97945
71079
78494
33652
65538
99775
77575
51180
9962
34211
73698
93027
20362
44809
65172
59000
46211
56234
88973
51134
66799
9114
62406
42807
16945
2249
3423
32698
17790
71146
21957
24572
41791
67700
58905
28961
69684
12218
11933
96684
29507
27248
7506
1874
98295
42991
49929
88595
98945
79126
64734
18479
41222
55811
21745
16066
51506
38006
56541
74062
6772
43374
68987
27552
66425
24454
41197
75741
39983
52729
8792
39948
92213
92437
91424
40538
61436
32112
90
5523
21327
90599
65801
35270
92345
24829
25362
84229
89938
79771
50724
50775
32239
96871
84792
91065
61574
36327
27090
16625
48438
55767
14899
33481
35663
17849
12025
43106
95715
34583
5811
87193
33957
69996
70133
79319
78195
82855
21139
86499
79091
84565
35593
18648
88081
10719
88054
78290
50965
61731
39641
87536
75979
63954
15631
35308
44244
40859
86532
80963
10868
33902
88319
11112
84024
87316
85812
57105
53908
2730
66822
74050
44263
24920
34137
5031
67932
4336
31967
53854
23770
31605
79435
76616
72893
39625
77872
83231
64972
1933
57000
87951
99704
71795
21143
58984
82896
19340
5252
5744
18438
55951
97029
13571
87103
65776
66476
32743
71149
42280
14965
20505
10208
66649
33461
27137
80875
46140
85252
76041
77005
95048
9830
76439
37872
15070
92915
44888
10916
38165
11137
81685
53571
20689
15065
64365
76451
28402
43763
45349
66014
36951
66676
83277
61909
92519
10915
91575
21064
84507
59683
28864
2644
84056
24088
8111
12922
29698
34280
61918
32993
25326
6218
57492
42722
55412
72542
5028
53353
95296
93173
38093
6682
20297
91817
61305